[#.###] (0,1) (0,2,3,4) (0,1,4) (3,4) {37,29,8,20,35}
[#..####..] (3,6,8) (1,2,3,4,5,6,7) (5,6) (0,1,3,4) (1,2,3,4,5,7,8) (0,1,3,4,8) (0,1,2,3,4,5,7,8) (0,2,4,5,6,8) (4,8) {37,50,37,52,77,41,26,26,54}
[##...#..#] (0,1,2,4,5,7) (1,4) (2,3,4,5,6,7,8) (1,2,4,7,8) (0,1,2,3,4,5,6) (2,5,8) (3,4,5) (0,1,4,5,6,8) {32,36,52,26,53,61,34,31,40}
[..###.#.#.] (0,3,6,7,9) (1,5,8) (0,1,2,4,5,7,8,9) (3,5,6,8) (0,3,6) (0,2,4,6,7,8,9) (0,1,3,4,5,6,8,9) (1,2,3,4,5,7,9) (1,2,3,4,5,8) {56,55,60,67,71,70,56,52,74,63}
[##.#.#.##] (1,2,3,4,7) (1,3,5,7) (0,1,3,7) (2,4,7,8) (0,1,2,3,4,5,7) (1,3,5,6,7) (1,5,6) (3,5,6,7) (1,4,6,7,8) (1,3) (0,1,3,4,6) {174,206,46,208,55,27,12,210,16}
[..#.#.#.] (0,2,3,5,7) (0,2,3,4,7) (2,5,6) (0,1,4,5,6,7) (1,4) (0,1) (1,2,3,5,7) (0,1,2,3,4,5,7) {60,47,199,44,53,199,171,60}
[#..#.#] (1,5) (4) (0,1,2,3,4) (0,2,4) (0,3,5) (0,2,5) (1,2,3,4) {233,210,214,215,226,40}
[..##...#.#] (2,3,7,9) (1,3,4,5,7,8,9) (0,1,6,8) (3,6) (4,7,8) (5,8) (6,7) (1,3,7) (2,4,5,7,8) (0,9) (0,2,5,6,8,9) (0,1,2,3,4,6,8) (0,1,3,4,6,8) {56,77,46,80,207,49,60,200,246,34}
[.###.] (0,2,3) (0,1,2,4) (0,1,2) (0,1,4) (2,4) (0,2,4) (3,4) {46,29,59,22,64}
[..##..] (0,3) (0,1,3,4) (0,2) (1,2,3,4,5) {32,30,38,30,30,18}
[#.#.] (0,2) (1,3) {175,20,175,20}
[#..#.##.##] (1,2,3,4,5,6,8,9) (0) (0,1,3,4,7,8,9) (0,1,2,4,6,7) (0,1,2,3,5,6,7,9) (0,1,4,8) (1,2,3,5,6,7,9) (0,1,2,3,4,7,8,9) (0,1,2,4,5,7,9) (1,5,7,9) (2,4,5,6,7,8,9) (0,3,4,6,7) {80,84,170,58,195,162,158,197,169,185}
[#...##.#.#] (1,2,5,7,8,9) (6,7) (0,1,2,3,4,5,6,8) (0,1,2,3,5,6,7,8) (3,6) (0,4) (0,1,2,3,4,5,6,7,9) (0,1,2,3,7,9) {67,74,74,76,44,54,76,76,38,53}
[#.####.] (1,5) (0,1,2,4,5) (0,2,5,6) (0,2,3,6) (2,3,4,5,6) (5) (1,2,3,5) (3,4,6) {40,48,79,57,39,71,39}
[##..#.] (1,2,3,5) (1,4) (1,3,5) (0,1,3,5) (2,3,5) {11,48,9,37,20,37}
[..##.#..#] (0,4,7) (0,4,6) (5,6,7,8) (1,2,3,4,5,7,8) (2,4,5,6,7) (0,2,3,6) (1,2,3,4,5,7) (1,2,5,6,7,8) (0,1,3,4) (0,2) {38,59,56,48,62,61,42,67,46}
[.##.###] (1) (0,1,3,4,6) (1,2,4,5,6) (3,4,5,6) (1,2,4) (1,2,3,5,6) {14,59,25,27,36,24,38}
[###..] (1,2,3) (0,2,4) (0,1) (0,1,3,4) (0,4) (0,1,2,4) {66,39,41,20,64}
[.#####...#] (0,1,2,3,5,6,7,8) (0,1,2,5,6,7,8,9) (0,1,2,6,7,8,9) (1,2,3,4,5,6) (3,4,6) (0,2,3,5,7,8) (0,4,5,6,7,8,9) (2,3,4,5,6,7,8,9) (1,2,4,6,9) (0,1,4,5,6,7,8,9) (0,2,5,6,9) {58,63,99,59,50,68,91,75,75,67}
[...###..#] (1,2,4,5,7,8) (0,6) (2,7) (0,2,4,5,6,7,8) (0,2,4,5,6,7) (0,1,3,5,7,8) (0,2,3,5,6) (0,3) (1,3,5,8) (0,1,2,5,7,8) {52,196,42,180,27,207,29,45,200}
[#...] (1,3) (0,3) (0,2) (0) (0,1) (2) {13,23,13,13}
[.###.##.#.] (1,3,4,5,6,8) (0,2,3,4,5,6,8,9) (0,1,3,4,7,8,9) (3,4,5,8,9) (4,7) (0,2,5) (1,3,4,5,6,7,9) (4,6,7) (0,1,2,7,8,9) (1,3,5,6,7) (1,3) (0,2,3,4,5,6,7,9) (1,2,3,5,6,8,9) {44,85,54,98,81,77,88,79,54,75}
[#....] (0,1) (0,2) (0,1,2) (2,3,4) (1,3) (0,2,3,4) {187,31,206,207,187}
[.#..#] (0,1,2,3,4) (1,4) (0,2,4) {2,7,2,1,8}
[#..##.] (0,2,4) (1,3,4,5) (0,3,4) (0,3,5) {23,0,5,18,6,17}
[.##..] (0,2,4) (1,4) (1,3,4) (1,2,3) (0,3) {22,36,23,36,35}
[##..###] (0,2,6) (4,6) (5,6) (0,2,3,4) (1,2,5,6) (1,2,6) {21,17,38,12,18,128,156}
[.#.#] (1,2) (0) (0,2) (1,3) {24,14,17,5}
[#.....##] (0,4,6,7) (1,3,6,7) (2,4) (3,4,5,6,7) (1,4,5) (0,6,7) {7,14,3,13,10,3,20,20}
[.##.] (2,3) (0,1,2) (2) (0,3) (1,2) {34,25,54,37}
[.##..] (0,2,3,4) (1,2,4) (0,1,3,4) {167,179,24,167,185}
[#.##.#...] (0,2,5) (1,4,7,8) (0,2,3,4,5,6,8) (0,1,2,3,4,5,8) (0,1,2,3,4,5,7) (5,7) (0,3,4,5) (0,6,7) {165,36,142,137,157,154,130,50,141}
[##.#..#..] (1,4,5,6,8) (0,4,7,8) (2,3,4) (0,1,4,6,7,8) (4,6,8) (0,1,2,4,6,7,8) (0,2,3,5,6,7,8) (0,1,2,3,4,5,6,8) (0,1,2,4,5,6,7) (0,2,7,8) (2,4,5,6,7,8) {61,43,68,38,78,38,66,64,69}
[....###] (2,5) (0,4,5) (1,2,3,4,5) (0,1,3,4,6) (0,1,5,6) {139,157,21,38,39,141,138}
[.#.#.###.] (3,6,7) (1,3,4,6,8) (0,1,2,7,8) (1,4,5,6,8) (0,1,3,5,6,7,8) (0,5,8) (1,4,8) (1,2,7) {27,75,33,26,29,26,39,57,56}
[.###.] (3) (1,3,4) (2,4) (0,1,3,4) (0,2,4) {15,24,16,27,40}
[##.####.] (0,1,2,3,4,7) (0,1,4,5,6,7) (0,3,4,5,6,7) (1,2,4,5,6,7) (0,2,3,4,6,7) (1,2,3,5,6,7) (0,1,3,6) {50,64,47,47,52,38,59,61}
[#....#..#.] (5,9) (0,1,2,4,5,6,7,9) (1,2,4,5,7) (6,7,8) (3) (0,1,2,5,6,8,9) (0,1,3,4,5,6,7,8) (3,8) (0,5,8,9) (2,4,5,6,7,8) (1,2,4) {43,48,56,21,41,77,54,51,85,51}
[..#.#.] (1,3) (2,4) (1,2) (0,2,3) (0,2,3,5) {27,16,34,41,5,13}
[.##..#] (0,4) (0,2) (0,2,3) (1,3,4,5) {19,6,9,8,16,6}
[##..#...#.] (0,1,3,5,6,7,8) (0,3,6,7,9) (0,1,4,5,6,9) (0,1,2,4,5,6,8,9) (1,2,3,4,6,7) (0,3) (1,3) (0,1,3,6,7,8) (1,2,5,6,7,9) (4,6,7) (0,1,2,6,7,8) (2,4,6,7,8) {79,94,57,81,226,39,273,254,62,27}
[....##.] (1,2,3,6) (1,5) (6) (4) (1,2,4,6) (0,1,3,4,6) (1,2,3,5,6) (1,2,3,4,5,6) {2,45,43,35,24,23,50}
[####.] (0,1,2,3) (2) (0,1,2,4) {13,13,15,9,4}
[##..#...] (0,1,2,3,4,7) (2,4,5) (1,2,3,5,6,7) (6,7) (0,3,4,5,6) (0,1,2,4,5,7) (0,1,4) (0,1,2,3,5) (0,1,3,4,6,7) (0,1,3,6,7) {64,80,65,67,48,48,55,86}
[#....#..] (1,2,3,7) (0,5,6) (0,1,2,3,5,7) (0,1,2,3,4,7) (0,2,3,4,6,7) (1,4,7) (0,3,4,6,7) (1,4) (0,2,5,6,7) (0,1,2,4,5,6,7) {93,66,74,54,64,59,58,90}
[#.#..#.##] (0,5,6,7,8) (1,2,6) (0,1,5,6,7,8) (0,1,2,3,4,5,6,7) (0,1,3,4,5,7,8) (0,1,2,6,8) (0,3,4,5,8) {155,47,19,30,30,149,138,135,151}
[##..] (1,3) (1) (1,2,3) (0,3) (0,1) (3) {32,51,17,53}
[.#####.##.] (0,1,2,3,4,5,6,7,8) (0,3,5,7) (0,1,3,4,6,7,8,9) (0,1,2,3,5,6,8,9) (0,5,8,9) (0,1,3,4,5,6,8,9) (0,1,2,6,8,9) (1,2,3,4,6,7,8,9) (0,1,2,3,4,5,7,9) (1,2,3,4,5,6,8) (2,5,8,9) (0,1,2,3,4,7) {112,96,67,98,76,107,93,54,121,90}
[#####.] (3,4,5) (3,4) (0,4,5) (0,1,2,4) (1,2,3) {13,8,8,9,18,11}
[##..#....] (0,2,4,5,6,7,8) (1,5) (0,1,2,3,4,6,7,8) (1,4,7) (0,1,2,3,7) (1,5,7,8) (0,4,5,8) (0,1,7,8) (0,1,2,3,5,6) (1,4) (0,2,6) {74,106,69,45,55,50,54,66,39}
[#..##..] (2,6) (1,2) (2,3) (0,4) (0,2,5,6) (0,2,3,6) (5) {11,6,20,2,8,11,14}
[...##.....] (0,2,3,4,5,6,8,9) (1,2,3,6,7,8,9) (1,8) (6,7) (0,1,3,5,8) (0,3,4,5,6,7,9) (4,7) (0,1,3,4,5,7,9) (0,2,3,5,6,8,9) {195,51,181,206,29,195,196,45,212,193}
[###..] (0,1) (1,2,3) (0,3) (0,3,4) {31,22,8,25,11}
[#.####.#] (3,4,5,7) (0,2,3,4,5,6) (4,6,7) (0,3,6,7) (1,2,6,7) (1,4) (1,5,6,7) (0,2,7) (1,5) {23,17,7,214,202,210,27,218}
[.#.###..#] (1,3,4,5) (1,3,4,5,8) (0,1,2,5,6,7) (4,8) (0,2,3,4,6) (0,3,7) (1,4,7,8) (3,4,5,6) (0,1,5,6,7,8) (1,2,3,4,6,7,8) (2,3,4) {53,78,30,70,72,60,48,58,54}
[##..] (0,1) (3) (2) (1,2) {4,14,21,19}
[...#.##..#] (0,2,3,4,5,6,7,8,9) (0,1,4,6,8,9) (1,2,7) (6,7,8,9) (1,2,3,5,6,8,9) (0,3,6,8) (0,3,4,7,9) (4,7,8) (3,5) {40,27,17,41,51,19,38,46,51,56}
[#.####] (0,5) (0,2,5) (1,4) (0,1) (1,2,4) (1,2,3) {167,47,172,7,30,157}
[#.#.] (2) (0,2,3) (0,1) (0,3) (0,2) (3) {198,10,196,44}
[.####.] (2,4,5) (3,5) (0,1,2,4) (2) (1,3,4) (0,3) (3,4,5) {10,26,42,35,57,37}
[#....#] (3) (3,5) (3,4,5) (0,1,4) (4,5) (0,2) (0,1,2) (1,2,3) {29,27,20,35,38,34}
[#......] (0,1,3) (1,2,3,4) (0,4,5,6) (0,2,3,4,5) (0,1,2,3,5) (1,3,5) (1,4,5) (3,4,6) (0,5) {48,175,44,193,73,189,24}
[...#] (0,2) (0,3) (1,3) (3) (1,2) (0,1,3) {37,54,36,52}
[.##..#] (1,2,3,5) (0,4) (3,4) (5) (2,4) (1,2,5) (1,3,4,5) (3,4,5) {5,33,26,35,42,48}
[.....##] (2,5,6) (0,1,3,5,6) (1,3,4,5,6) (0,1,2,4,5) (0,1,2,3,5,6) {21,25,21,20,9,38,33}
[.#..#] (4) (0) (0,1,2,4) (1,2,3) (2,4) (0,1,2,3) {30,22,23,16,9}
[....#.#..] (0,6,7) (1,2,3,5,6,7,8) (2,6) (0,2,5,6,7,8) (0,1,3,4,5,7,8) (0,1,3,4) (1,2,7) (0,2,6,7,8) (0,1,3,4,5,7) {37,12,20,12,12,15,30,27,17}
[##....#.] (1,3,5) (1,2,4,7) (4) (0,1,4,5,6,7) (1,2,3,4,7) (0,1,2,4,6,7) (1,2,3,5,6) (0,1,5) (5,6) {52,93,48,23,71,71,59,57}
[..##] (1,2) (1,3) (0,1) (1) {0,46,13,15}
[#.#.] (0) (0,3) (1,3) (2) (3) {28,11,16,21}
[#.###..#] (0,1,6) (0,1,2,4,5) (0,3) (2,3,4,5,6) (5,6) (0,1,3) (1,2,3,7) (0,4,5) {55,31,16,34,28,31,23,0}
[...#.....] (0,3,8) (0,2,3,6,7,8) (0,7,8) (0,6) (2,5,8) (0,1,2,3,4,5,8) (0,7) (0,4,8) (1,3,6,8) {104,24,47,56,39,29,42,32,96}
[#..#.##] (0,1,3,5,6) (1,5,6) (0,1,5) (1,3,6) (2,4,5) (0,1,3,4,6) (1,3,5,6) (0,3,6) {219,228,15,230,27,220,230}
[..#...#] (0,1,5) (0,1,3,4,5) (2,4) (0,1,2,3,5,6) (2) {31,31,48,25,35,31,9}
[#.####..#] (0,1,5,8) (0,1,2,6,7,8) (0,2,3,5) (1,3,4,5,6,7,8) (3,4,8) (0,1,2,4,6) (3,4,5,6) (0,1,4,5,7,8) (0,2,3,4,5,6,8) (0,1,4) {50,43,32,39,62,46,52,10,41}
[#...] (0,1,2) (2,3) (0,2,3) (0,2) (1) (3) {41,14,59,54}
[##..##.##] (2,3,6) (3,4) (0,2,3,4,5,6) (0,1,2,3,4,5,7) (0,1,2,3,8) (0,1,2,3,5,6,7,8) (1,2,3,6,7,8) {38,37,66,84,40,29,46,28,26}
[.#.##] (0) (1,2) (0,1,2,4) (0,2,3) (3) (3,4) (0,1,3,4) {36,30,39,53,23}
[..###] (2,3,4) (0,1,4) (1,3) (0,2) (1,2,4) {28,50,48,32,44}
[...#..#] (3,4,6) (0,1,2,3,4) (0,1,3,5) (3,5) (0,1,3,6) {22,22,20,43,37,4,19}
[#.#...] (2,3) (1,4,5) (0,1,3,4,5) (0,2,4) {197,196,6,201,197,196}
[...##] (0,1,2,4) (0,1,2,3) (0,2) {42,26,42,14,12}
[#.#.##] (0,2,4,5) (0,1,3,5) (1) (2,4,5) (4) {34,18,31,17,45,48}
[..####] (0,4) (0,1,2,3,4) (0,3,5) (0,2,5) (0,2,4,5) (0,1,2,3,5) (4) (0,1,4,5) {56,11,32,15,42,36}
[##...#.##] (0,1,2,4,6,7,8) (0,1,2,4,5,7,8) (0,4,7) (3,4,5,7,8) (1,2,5) (0,1,3,4,5,8) (1,3,5,6,7,8) {33,33,13,28,41,38,14,43,37}
[.#...#] (2,4,5) (0,1,3) (5) (0,2) (1,3,5) (0,3,4) (3,4,5) (1,2,3,4) {38,31,34,49,37,50}
[..##.] (3) (1,4) (0,3) (2,3,4) (0,1) (0,2,4) (0,1,2) {203,208,210,19,38}
[....#..#.#] (0,1,9) (0,2,3,4,5,6,7,8) (0,1,2,3,4,6,8,9) (3,6) (0,1,2,3,5,6,7,9) (0,1,2,3,4) (0,2,3,4,8) (0,3) (6,9) (0,3,4,7,8,9) {72,41,40,59,34,10,35,14,29,52}
[....#.] (0,1,3,5) (1,2) (0,3,4,5) (0,3,5) {28,24,15,28,16,28}
[...#.] (0,1,2,3) (1,3,4) (0,2,3,4) (1,2,3,4) (1,2,4) {33,37,40,48,38}
[####..#] (1) (1,2,5) (4) (1,2,4,5) (0,2,3) (0,3) (0,3,6) {16,20,5,16,9,3,8}
[#.####...#] (1,2,3,4,6,8) (0,5,8) (2,4,5,9) (0,2,4,5,7) (0,2,3,5,6,7,9) (1,3,9) (0,1,2,6,7,8) (0,2,4,7,9) (0,1,2,3,5,6,7) (0,2,5,6,7) (2,5) (1,2,3,4,5,6,7,9) (3,4,5,6,7) {42,37,59,49,35,59,50,47,21,39}
[#..#...] (0,1,3,4,6) (2,4) (0,1,3,6) (0,3) (1,4,5) (3,5) {11,18,1,30,19,31,6}
[..##.#] (0,1,4,5) (2,3,5) (0,1,2,5) (0,2,4,5) (1,3,4) (1,4) (1,2,3,4,5) {32,42,35,22,33,52}
[##.....#.] (0,5,8) (3,5,7,8) (1,2,5,6,7) (2,6) (6,7,8) (1,3,4,8) (0,1,2,3,4,5,7,8) (0,1,2,3,4,5,6,7) (0) (2,5,7,8) (0,3,4,5,6,7,8) {63,42,58,65,56,74,69,83,77}
[.#.####] (0,1,2,4,6) (0,3,5,6) (0,1,3,5,6) (0,1,2,3,4,5) (2,3,4) (1,2,5,6) {51,49,45,38,41,37,37}
[#####] (0,2) (0,2,3) (1,2,4) (0,3,4) (1,4) (0,1,2,3) {47,42,58,44,29}
[###.] (0,1,2) (1,3) {3,16,3,13}
[#..#] (0,1) (1,3) (0,3) (1) (1,2) {23,37,13,36}
[.##.#.####] (1,5,9) (3,5,8) (1,3,4,7,9) (2,3,5) (0,1,2,3,5,6) (1,5) (0,3,5,8,9) (3,8) (0,3,4,5,6,8,9) (1,3,4,6,9) (2,4,6) {23,48,22,66,37,75,37,3,40,50}
[#.#.#] (1,2,3) (0,1,3,4) (2,4) (1,3,4) {9,30,17,30,23}
[.###..] (0,2,4,5) (0,2,3,5) (0,3,4) (0,1,3,4) (0,1,3,4,5) (3,4) {31,21,5,32,35,9}
[####...#] (0,2,7) (0,1,2,3) (0,1,6,7) (3) (5) (0,1,4,5) (2,3,4,5,6,7) (0,2,3,7) (0,1,2,3,7) (0,3,4) {204,33,52,174,156,35,17,56}
[##..##] (1,2,5) (1,2) (3,5) (1,4) (0,2,4,5) {11,189,34,20,177,36}
[.....#.##.] (6) (3,7,8,9) (1,2,3,4,5,6,8,9) (1,2) (2,7) (6,8) (0,2,4,5,6,7,8,9) (3,5,6,8,9) (0,2,3,4,5,7,8,9) (0,1,2,3,4,5,6,8,9) {26,228,241,237,221,233,256,25,256,245}
[#.##.#...] (2,5,6,7) (2,3,5,6,8) (1,3,6,7,8) (0,2,5,6,8) (0,2,4,7) (0,1,2,3,4,7,8) (0,6) {66,23,55,27,35,20,43,43,41}
[..##] (1,2) (0,2) (0) (1) (3) {23,211,219,9}
[##...#.] (3,5,6) (0,2,5) (2,5,6) (0,1,4) (0,2,3,4) (0,2,3,6) (1,2) {155,144,62,25,146,30,23}
[#####..#] (0,1,5) (1,2,3,4,6,7) (1,2,6) (3,5) (0,1,3,4,6) (0,1,3,4,6,7) (5,6) (0,1,2,4,5,7) {45,67,26,36,40,38,57,22}
[#.#..] (0,2,3) (0,2,3,4) (0,2,4) (1,3,4) {34,189,34,215,216}
[#....#.#] (0,2,3,6,7) (0,2,5) (0,2,3,4,5,6) (0,1,3,5,6) (4,6) (0,2,3,5,6,7) (0,3,4,5) {56,18,34,49,23,51,51,14}
[#.##.##] (0,1,2,3,4) (1,2,3,4) (0,2,4,6) (0,3,5,6) (0,2) (2,3) (3,4,5) (1,2,3,4,5,6) (0,1,2,3,4,6) {31,42,60,69,43,24,25}
[..#.] (2,3) (1,2,3) (1,2) (0,3) {12,33,45,39}
[..#...##] (0,1,3,5,6,7) (0,2,3,5,6,7) (1,2,3,5) (5,6) (1,2,3,4,6) (0,3,4,6) {11,28,27,34,5,37,22,9}
[.#....##.] (1,3,4,5,6,7,8) (0,4,6,8) (0,3,5,6) (1,5) (1,2,3,4,5,7,8) (0,2,3,6,7) (1,4,5,6,7) (2,3,6) (0,2,3,4,5,6,7,8) {216,32,48,227,40,220,256,50,20}
[#....] (1,3) (0,1,2) (1,2,3) (1,2) (0,1,4) (1,2,4) {26,62,51,21,6}
[.#.##] (1,2) (0,2,3) (1,3,4) (0,1,2) (3) (0,1,2,3) {21,40,36,197,11}
[#.##..#.#] (0,6) (1,2,4,7,8) (2,3,4,5,6,8) (1,2,4,5,6,7) (0,1,4,6,7,8) (1,2,3,6,7,8) (1,2) (0,2,3,4,5,7,8) (1,4,6) (1,5,6,8) {18,83,64,15,66,46,64,46,57}
[.##.#] (1,2,4) (0,3) (0,1,2,4) (0,4) (0,2,3) {34,17,33,18,33}
[..#####.#.] (1,2,3,4,5,6,7,8) (1,2,4,6,7,8) (2,3,4,5,7,8) (0,1,2,4,5,6,7,8) (4) (0,1,3,5,7) (1,5,6,8,9) (0,5,8,9) {29,43,36,24,37,45,33,46,39,3}
[########..] (0,1,2,3,4,5,6,7) (0,1,9) (1,3,5,6,7,9) (0,2,4,5,6,8) (1,3,4,5,8) (1,3,5,6,8) (0,2,3,4,5,7,8,9) (2,3,4,6,7,9) (1,2,3,4,6,7,8,9) {41,48,58,67,62,58,67,46,56,45}
[.#.##.###] (0,1,4,6) (0,2,4,5,6) (1,2,3,4,6,7) (0,3,6,7) (1,2,3,4,5,7,8) (0,3,4,6) (0,6,7) (0,4,5,6,8) (1,2,5) (5,6,7) (1,3,8) {69,59,47,55,80,60,100,69,31}
[.##..##.##] (0,1,2,4,5,6,8,9) (2,6,7,8,9) (0,1,2,3,4,5,6,7,8) (0,1,4,5,8,9) (0,1,2,3,4,5,7,8) (2,3) (0) (8,9) (7,8,9) (3,4) {85,65,64,57,75,65,30,30,75,47}
[#...##...#] (0,1,2,6,7,9) (2,4,6,9) (3,7,8,9) (0,1,2,5,6,8,9) (5,8) (5,9) (1) (1,2) (1,4,6) (0,3,4,6,8) (0,1,2,3,4,5,6,7) (1,2,4,7,8) (0,2,3,4,5,6,7,9) {63,82,89,51,64,66,71,77,59,75}
[#.####] (1) (0,4) (2,4) (0,2,4,5) (3,4) (0,2,3,4,5) {211,13,27,15,230,21}
[##.##.] (0,1,2,5) (1) (0,2,3) (0,2,4) (1,2,3,4) (0,5) (0,1,3,4) (1,2,4,5) {37,62,61,28,42,27}
[#..#.##] (2,3,6) (0,1,2,3,4) (0,2,3) (1,2,4,6) (0,3,5,6) (0,4,5,6) (0,5,6) {50,7,38,41,10,29,46}
[#.....#.#.] (1,2,4) (0,6) (0,1,5,6,7,8,9) (0,1,2,4,5,6,7,9) (0,3,6,7,8,9) (0,2,3,4,5,7) (0,1,3,4,5,7,8,9) (3,6,9) {78,49,33,52,46,48,65,63,43,63}
[.#..] (1) (2,3) (0,1,3) {14,15,4,18}
[#..##] (0,2,4) (1,2,3) (2,3) (1,4) (0,2,3) (4) {31,24,44,33,43}
[.#.#] (1,2) (2,3) (0,2,3) {13,6,30,24}
[..#.#.#] (1,2,3,4) (1,2,4,5) (0,1,5) (0,1,2,4,5) (0,5) (1,2,4,5,6) (0,1,3,4,5) (0,3,5,6) (0,2,3,4) {93,84,65,59,80,99,33}
[.#..##...] (0,1,2,3,6,8) (0,1,3,4,7,8) (4,5,6,7) (0,6,8) (4,5,7,8) (0,1,5,7) (1,2,6) (0,4,6) (0,1,5,8) (0,1,3,4) (0,1,2,3,4,5,6,8) {73,91,35,42,55,58,54,50,58}
[.#.##] (0,1,3,4) (0,1,4) (0,1,2) (1,3) (0,1,3) {36,43,8,21,19}
[..##..#] (0,1,3,6) (5) (0,2) (1,3) (0,1,2,4) (2,3,5) (0,1,3,4,5,6) (0,2,3,4,6) {22,21,31,44,17,43,16}
[.######...] (0,1,3,7,8) (1,2,4,5) (0,3,4,6,8) (2,4,5,7,9) (1,3,6,8) (5,9) (0,3,4,5,7,8,9) (0,4,5,9) (3,4,5,6) (5,7,9) {45,52,20,76,68,241,55,211,56,201}
[#.#......#] (0,3,5,8) (3,5,9) (5,6,7,8) (0,1,3,4,7,8,9) (4,7,8,9) (2,4,7,9) (4,6) (2) {19,7,33,23,52,19,14,44,36,45}
[#....#] (2,3) (0,1,2,3) (0,1,4,5) (0,2,3,4) {145,13,140,140,141,9}
[....#] (0,1,3) (0,1,3,4) (1,2) {10,16,6,10,9}
[.#.###] (1,2,3) (3,4,5) (0,1,5) (0,1,2,4) (0,1,2,4,5) (0,2,3) {34,29,24,18,16,21}
[#.#..##.] (1,2,3,5,6) (1,2,3,4,5) (1,2,5,7) (1,2,6) (4,5,6,7) (6) (1,3,5,6,7) (1,2,3,4,5,6) (0,1,2,3,4,7) (4,6) {13,209,194,191,60,199,198,49}
[..#.#] (2,4) (1,2,3) (0,2,3,4) (1,3,4) (0,4) (1,3) (0,3) {36,19,47,42,50}
[#.#..] (0,1,2,3,4) (0,1,3) (1,2,3) (1) {32,60,26,40,18}
[..#.##] (0,1,2,3) (0,1,3,4,5) (1,4) (0,3,4) (3,5) (0,2,4) {217,35,208,36,206,13}
[#.#.] (0,2) (1,3) {7,0,7,0}
[..#....##] (6) (0,1,2,3,5,6) (0,1,3,4,5,6,7) (1,2,7) (0,3,5) (0,3,4,5) (0,1,3,6,8) (0,1,3) {66,45,3,66,28,33,43,9,16}
[###.####] (3,4,5,7) (1,3,5,7) (2,3,5,7) (1,2,7) (0,3,4,5) (0,1,2,3,6,7) {7,29,24,47,21,44,3,55}
[.#.#] (0,2) (0,1) (0,3) {35,16,15,4}
[.....#.##] (0,1,2,3,4,7) (0,1,2,3,4,7,8) (3,5,7,8) (2,4,5,7) (2,4,6,7) (4,8) (0,1,2,3,4,6,8) {15,15,31,29,45,30,4,41,40}
[.#..##.] (1,2,3,5,6) (1,5) (1,2,4,5,6) (3,5) (1,3,4) (0,5,6) {6,37,27,26,14,53,33}
[##.#.###] (2,3,5,6,7) (1,4,7) (0,1,2,4,5,7) (0,2,3,4,6,7) (4,5) (0,1,3,4,5,7) (2,6) {3,5,31,13,13,17,31,17}
[.#.....#] (3,5) (0,2,4,5) (1,2,5) (0,4) (2,3,7) (2,3,5) (0,2,4,5,6,7) (2,3,5,6,7) (0,1,3,4,6,7) {44,28,45,47,44,43,24,32}
[..#.###.##] (0,2,5,6,8) (0,1,3,5,6,7,8) (1,4,5,6,7,8,9) (1,2,3,5,6) (1,3,4,7,8,9) (7,8,9) (1,2,8,9) (4,6,9) {14,63,42,27,40,47,62,45,72,73}
[####.#.###] (0,5,9) (0,1,2,3,4,5,8,9) (4) (0,2,3,4,6,7) (4,6,7,9) (0,3,5,7) (3,6,9) (0,1,2,3,8) (1,3,5,6,7,8,9) (0,1,2,4,5,6,8) (0,1,2,3,6,7,8) {65,63,54,69,34,46,57,45,63,48}
[..###.#...] (3,4,8,9) (0,2,3,4,5) (0,4,8) (1,3,4,5,6,9) (1,2,3,4,6,8,9) (3,7) (0,1,2,4,5,6,8,9) (0,3) (0,2) (0,2,7,8) (1,2,3,4,7,8,9) {69,36,48,61,60,34,33,24,51,45}
[#.##.] (1,3,4) (2,3,4) (0) (1,2) (1,2,3) (0,2,3) (0,1,2,4) {36,38,232,209,203}
[.##..###] (0,1,3,7) (0,3,6) (4) (2,4,5) (1,2,3,4,5,6,7) (1,2,5,6,7) {204,216,27,217,36,27,30,216}
[.#.#.####.] (7) (0,1,3,4,6,8,9) (3,4,7,8) (0,5) (0,1,2) (0,1,2,4,6,7,8,9) (0,3,4,6) (2,3) (2,6) (0,1,2,3,4,5,6,8) (0,8) (1,2,4,5,6,7,8) {53,49,71,49,57,31,69,39,51,24}
[#.#.###] (0,1,2,4,5) (0,1,6) (0,2) (0,3,5) (0,1,4) (0,1,3,5,6) {27,25,14,1,16,13,9}
[.#.#] (1,3) (0,1,2) {5,11,5,6}
[..##.#..] (5,6) (2,3,4,5,6) (1,2,4,6,7) (4,5) (0,1,2,6,7) (0,4,5,6,7) (0,1,3,4,6,7) (2,3) (3,7) {34,24,24,49,53,32,52,53}
[#..##..] (4,5) (1,3,4,5) (0,3,5) (1,3,4) (2,5) (4,6) (1,2) (3,4,5) (0,3,4,6) {23,25,16,47,62,38,21}
[..##...] (1) (3,4,5) (0,1,2) (4) (0,1,3,4,6) (0,2,4,6) (2,3,4) (2,3,4,5) {14,16,51,53,76,34,8}
[...#.##..#] (0,2,3,6,8,9) (0,4,5,6,8,9) (0,1,2,4,5,6,7,9) (0,1,2,4,5,7,9) (0,1,3,4,5,6,7,9) (1,4,5,6,7,9) (1,8) (2,4,9) (0,2,3,5,6,7,9) (1,2,4,5,6,7,8,9) (1,2,3,6) (2,9) (1,2,4,6,8) {79,109,101,51,99,81,116,69,60,106}
[.#..#...##] (3,5,9) (0,1,3,4,6,7,8,9) (0,1,2,3,7,8) (1,2,3,6,7,8,9) (0,1,3,4,5,8,9) (3,4,6,8,9) (1,2,3,5,7,8) (1,2,3,4,5,6,9) (0,1,5,6,9) (1,3,4,5,7,8) {45,80,20,86,55,64,43,50,75,72}
[.##.#.] (1,3,5) (0,2) (1,2,3,4) (3,5) (2,4) (0,2,4) (1,4,5) {24,20,32,24,19,26}
[.#.....] (0,2) (1,3,5,6) (0,1,3,4,5,6) (1,2,4,5,6) (2,3,4,5,6) {180,190,41,184,195,201,201}
[..#..] (0,2,4) (1) (1,3,4) (0,3) (4) (0,1,2) (0,2) {36,19,29,20,31}
[....###.#.] (1,3,4,6,7,8) (0,1,4,6,8,9) (0,1,2,3,4,6,8) (0,1,2,3,6,8,9) (1,4,6) (0,8) (1,3,9) (1,5,6,7,9) {48,90,24,43,67,16,87,32,64,37}
[.###.#] (2,4) (0,5) (1,2,3,4,5) (0,1,2,4) (3,4) {21,15,27,18,34,28}
[#.##.###] (0,1,7) (0,2,3) (1,2,3,4,6) (0,1,3,4,5,6,7) (0,1,4,5,6,7) (3,4) (0,1,4,5,6) {55,39,18,44,33,19,20,34}
[#...###] (2,3,4,5,6) (2,3) (0,3,4) (1,5,6) (0,2,3,6) (1,6) (0,4,5,6) (0,4) (0,2,3,4) {57,27,47,64,65,44,76}
[####.##.] (0,5,6,7) (0,1,2,3,5,6) (2,4,5,7) (0,3,7) (1,2,7) (2,4,5,6,7) {33,18,43,21,25,43,34,64}
[..####.#] (0,1,2,3,4,7) (0,1,2,3,6,7) (0,1,2,4,6,7) (1,2,3,4,5,7) (0,1,2,4,6) (1,2,3,4,5,6,7) (1,3,4) (2,6) (3,4) (1,2,3,4,5) {22,55,49,49,57,17,33,33}
[#######] (2,3,4,5,6) (3) (0,3,4,5,6) (0,1,2,4,5,6) (0,1,5) (1,3,4,6) {40,38,21,41,49,51,49}
[###.#.#] (2,3,6) (1,2) (0,1,3,4,6) (0,2,3,5,6) (1,5) (1,3) {15,178,20,168,8,17,18}
[###.] (0,2) (0,1,2,3) (1) {33,26,33,20}
[...##...] (0,1,2,4,6,7) (0,7) (0,1,3,4,5,6,7) (2,4,7) (0,1,4,6) (1,3,4,5,7) (3,6,7) (2,5,6,7) {22,17,27,15,22,18,48,47}
[##..###] (3,5,6) (4) (0,1,2,4,5) (0,2,4,5,6) (2,3,5) (1,2,3,6) (5) (0,1,3) (0,2,3,4,5) {43,32,50,49,41,50,15}
[###.##] (0,1,2,3) (0,1,3,5) (1,2,3) (3,5) (2,4) (0,2,4,5) {36,27,128,37,117,38}
