0:
###
.#.
###

1:
###
.##
##.

2:
###
##.
#..

3:
###
#.#
#.#

4:
###
###
..#

5:
##.
.##
..#

42x47: 40 32 40 31 35 31
49x43: 45 42 24 36 38 39
44x49: 57 61 54 55 54 49
42x37: 37 46 34 36 42 45
36x38: 30 21 24 26 24 19
35x46: 53 39 44 37 38 36
39x50: 37 37 32 22 38 42
48x46: 48 42 28 43 30 48
45x42: 29 34 30 46 32 38
47x47: 50 62 57 64 54 52
49x37: 51 43 47 38 49 53
40x37: 23 18 33 21 39 22
43x44: 45 32 32 36 22 29
37x35: 24 25 16 20 25 22
39x42: 32 50 49 47 26 52
46x46: 42 44 33 28 36 42
44x36: 46 38 36 49 30 46
47x41: 49 51 49 47 53 47
40x49: 50 59 40 48 51 53
38x36: 30 37 43 33 34 35
38x38: 36 42 31 34 38 42
37x50: 29 34 37 27 27 37
43x35: 40 35 28 50 37 41
39x42: 42 33 47 44 47 39
49x46: 45 30 36 45 43 40
46x42: 56 48 48 51 41 55
36x40: 31 23 28 25 22 27
48x41: 57 46 47 65 41 45
50x40: 38 32 28 46 33 31
42x40: 41 42 49 43 36 51
46x43: 48 54 52 54 53 41
44x38: 30 30 22 33 20 32
42x49: 66 59 55 43 47 45
48x44: 27 34 36 47 45 35
47x42: 25 36 38 37 43 31
42x43: 33 31 31 34 30 36
44x50: 56 46 54 60 62 62
42x50: 55 54 57 53 50 55
45x46: 34 40 43 30 37 40
50x37: 52 45 43 45 48 53
39x49: 52 49 44 42 56 51
43x42: 31 31 40 32 29 32
38x36: 34 37 29 35 35 42
38x40: 26 43 42 44 37 44
46x43: 27 38 30 36 38 40
41x40: 40 50 35 43 41 43
49x47: 62 63 64 54 57 54
46x49: 52 67 69 54 55 49
37x47: 33 23 30 39 27 28
40x45: 31 23 41 33 38 28
46x46: 32 40 48 35 34 36
35x50: 56 37 42 48 47 37
45x43: 42 57 64 45 48 42
48x43: 44 39 27 32 41 40
35x39: 20 17 24 26 27 28
50x44: 39 39 24 43 37 42
41x45: 39 30 29 38 29 29
36x39: 21 30 26 26 24 28
36x49: 26 46 36 27 25 32
41x42: 35 36 52 52 36 60
42x44: 34 35 34 36 27 30
45x36: 40 40 46 34 47 44
44x35: 42 47 42 38 30 38
47x36: 30 26 31 31 31 30
49x46: 56 62 56 48 66 59
50x49: 72 55 64 60 72 51
45x50: 41 40 47 34 43 34
42x36: 19 26 32 30 24 36
41x38: 49 34 43 42 36 35
44x41: 52 51 49 39 42 45
45x45: 51 48 52 58 46 59
42x49: 36 43 38 32 38 36
35x40: 37 38 31 39 32 39
42x38: 38 24 28 27 15 35
48x49: 54 68 53 62 64 60
41x49: 41 30 41 32 31 33
45x44: 49 55 45 51 54 50
44x40: 35 27 27 35 26 31
37x36: 39 27 38 26 38 39
35x37: 30 32 36 27 36 41
42x39: 21 31 34 25 36 35
40x37: 44 42 35 36 37 32
42x37: 24 29 29 20 38 28
42x35: 32 50 40 35 34 35
45x45: 41 31 37 44 40 32
36x35: 29 43 28 39 21 34
50x37: 48 44 38 51 46 60
37x49: 32 50 53 36 66 42
42x44: 34 29 35 25 34 39
48x36: 50 38 33 43 55 46
44x37: 31 23 31 30 28 24
46x44: 53 58 50 55 42 54
42x38: 35 30 22 24 32 25
46x36: 46 36 41 39 53 39
37x49: 57 48 44 35 53 40
50x36: 32 32 28 32 42 25
46x46: 63 44 52 56 53 59
48x38: 30 26 34 32 31 38
41x44: 42 36 50 50 47 56
46x43: 45 47 55 43 58 60
50x48: 39 53 33 42 38 50
38x47: 46 32 56 45 50 48
48x40: 39 31 28 31 47 31
45x43: 48 61 53 42 49 44
49x42: 52 57 43 54 53 58
35x48: 21 23 33 27 28 43
50x36: 50 35 41 50 56 44
46x36: 31 38 22 32 34 22
46x45: 41 33 42 31 38 39
35x46: 24 22 31 28 28 32
43x36: 23 24 22 30 37 31
44x38: 41 42 39 45 49 40
38x42: 27 25 24 30 36 26
42x48: 39 36 28 41 45 35
39x46: 37 35 23 35 30 35
43x39: 31 23 27 36 26 39
42x39: 33 29 31 28 27 33
48x46: 46 38 35 39 48 34
41x44: 23 34 29 30 30 36
37x44: 22 26 24 32 31 33
48x44: 68 50 42 50 66 45
47x40: 33 21 41 28 34 38
49x47: 55 69 56 59 49 69
37x38: 38 38 40 35 31 35
39x44: 27 32 29 32 30 31
49x39: 30 32 52 32 33 29
46x45: 55 55 53 40 59 58
47x36: 36 45 46 44 49 40
37x43: 33 25 25 28 30 26
35x49: 21 38 30 36 27 23
43x35: 22 23 26 34 19 29
45x38: 44 42 51 40 47 39
50x38: 33 29 34 31 30 35
44x43: 24 27 42 25 39 38
43x45: 41 31 38 36 35 29
50x50: 44 44 36 43 46 42
48x37: 41 56 37 53 43 41
35x44: 35 46 40 40 35 42
38x35: 18 24 17 32 23 18
42x47: 41 37 35 32 32 33
41x40: 26 25 26 33 31 28
49x37: 20 32 38 33 34 35
50x42: 41 37 40 38 29 38
37x47: 31 41 30 18 33 26
45x45: 48 46 52 59 55 52
42x49: 54 62 48 58 47 45
41x43: 32 50 48 48 36 63
36x42: 30 35 25 30 21 27
37x49: 34 38 29 31 35 24
43x36: 26 25 28 26 35 27
50x48: 57 60 69 61 66 56
42x49: 58 55 58 44 52 50
45x45: 37 39 33 41 35 40
38x43: 23 19 24 34 33 35
36x38: 25 24 19 26 24 25
37x48: 35 32 37 26 30 31
44x36: 26 22 31 27 32 30
38x45: 44 44 41 47 43 44
42x38: 40 28 26 22 22 29
35x43: 38 36 34 35 48 41
41x39: 42 39 33 52 38 41
42x44: 32 24 44 28 40 27
46x35: 47 47 35 46 31 41
43x50: 49 64 61 55 48 55
46x35: 24 27 30 30 26 27
48x35: 26 23 25 35 25 41
45x47: 32 34 42 32 39 45
37x48: 43 31 29 28 31 30
38x43: 39 40 49 47 37 40
44x45: 28 24 48 48 31 31
38x36: 29 40 29 39 35 39
40x47: 22 35 23 41 34 39
48x47: 41 49 72 64 69 53
50x48: 41 56 55 46 27 30
39x48: 54 50 52 50 42 38
42x46: 61 47 45 41 50 54
48x41: 47 41 51 48 51 71
36x50: 34 22 26 36 38 35
42x39: 51 42 39 37 50 29
41x37: 19 30 28 16 30 33
42x49: 27 41 42 24 48 41
38x37: 27 29 20 23 19 25
48x39: 31 29 31 33 47 37
38x39: 25 23 22 31 31 23
42x37: 36 40 42 36 45 41
48x39: 46 48 56 41 47 53
41x49: 56 47 63 49 42 55
35x43: 18 23 34 26 23 29
38x37: 31 18 22 21 29 23
44x39: 30 22 31 28 39 31
46x43: 38 34 33 42 24 38
50x43: 52 60 46 51 60 63
45x35: 40 38 42 40 40 44
46x37: 38 32 24 32 28 25
35x36: 37 30 43 31 26 27
39x35: 23 28 28 26 19 19
44x40: 34 21 30 37 38 21
48x42: 31 34 40 36 32 50
39x45: 28 30 37 30 39 31
48x39: 51 59 34 43 45 57
41x44: 44 49 45 48 47 44
39x47: 47 53 56 33 47 48
39x41: 25 29 22 34 27 31
43x41: 28 29 31 35 29 29
49x36: 25 27 34 32 37 37
44x46: 35 40 33 37 36 29
50x41: 38 35 41 25 36 33
36x36: 31 29 33 40 37 28
47x48: 64 57 57 56 61 50
47x42: 44 35 42 30 31 27
48x45: 48 55 58 70 54 45
45x42: 41 44 32 36 34 23
39x48: 30 41 38 32 31 36
36x41: 19 17 30 32 22 35
44x44: 39 24 36 24 41 32
50x46: 53 56 65 57 65 59
38x37: 37 43 31 42 37 22
45x47: 28 36 40 37 44 39
47x45: 52 54 58 55 51 57
37x41: 38 39 33 49 39 33
43x48: 55 46 55 61 51 49
49x36: 47 40 46 34 56 50
43x43: 45 45 54 55 41 45
39x49: 52 35 52 58 45 54
39x35: 30 33 37 32 42 37
44x37: 28 20 34 33 24 28
40x37: 28 22 25 32 22 26
47x50: 39 50 38 34 41 37
46x35: 21 24 28 21 43 28
42x44: 32 30 37 30 33 34
45x43: 32 32 32 32 40 41
42x43: 56 45 48 47 39 42
44x38: 21 29 24 35 27 31
36x42: 41 31 26 17 24 29
48x36: 32 30 36 38 25 31
44x41: 32 28 29 33 31 29
41x38: 41 43 40 39 40 36
43x45: 42 66 49 49 52 36
37x35: 33 32 28 31 34 44
36x36: 36 30 25 30 41 38
48x43: 56 44 52 58 54 54
49x35: 36 28 21 26 34 30
42x49: 47 47 54 47 57 70
50x43: 33 34 34 40 46 36
38x38: 22 20 26 19 33 24
43x36: 30 23 30 25 30 30
37x45: 32 27 32 31 25 33
42x50: 57 51 51 53 64 44
49x50: 68 70 65 53 55 68
40x42: 29 35 34 24 24 36
38x39: 31 33 24 16 31 21
40x50: 55 44 58 50 56 44
48x50: 63 69 54 60 62 60
43x45: 52 46 57 44 46 56
43x47: 39 31 26 45 34 35
35x38: 18 19 26 24 21 24
36x49: 41 36 26 36 26 27
40x49: 39 32 31 32 35 38
38x45: 22 31 29 31 28 39
39x42: 35 27 21 34 33 31
39x41: 26 31 25 25 23 38
39x44: 33 26 30 25 42 25
47x46: 40 41 24 45 40 35
47x36: 30 30 32 36 23 29
43x35: 30 34 47 44 40 38
38x46: 27 36 29 32 25 31
45x41: 28 26 35 35 34 36
46x41: 58 55 36 56 39 43
36x39: 20 23 25 33 20 34
35x43: 19 28 31 32 18 26
44x46: 40 60 45 47 61 60
39x36: 41 32 32 36 38 37
38x43: 49 37 45 43 39 38
47x41: 48 55 59 42 50 42
42x38: 29 48 45 33 39 57
36x49: 45 59 44 26 48 51
49x39: 39 39 22 37 40 31
44x36: 25 23 27 31 31 30
35x41: 37 45 36 34 35 33
45x36: 27 23 36 26 28 39
35x50: 36 29 29 23 30 29
39x46: 39 46 55 46 49 41
37x48: 37 32 32 25 36 29
43x41: 46 42 47 44 40 56
35x35: 32 17 20 21 14 17
49x43: 30 37 41 42 37 37
45x35: 28 24 33 25 25 30
42x40: 36 55 40 43 37 49
47x35: 30 29 30 27 21 27
35x43: 20 22 31 21 31 28
41x44: 37 32 28 25 34 26
41x35: 33 50 34 35 34 34
40x42: 45 43 40 45 46 38
41x39: 42 37 48 42 40 37
37x44: 26 24 31 30 25 31
43x35: 33 26 28 21 21 25
36x43: 32 33 42 38 53 41
40x41: 29 30 28 20 35 27
35x37: 25 24 23 22 22 16
36x46: 30 25 36 28 29 31
48x46: 39 46 33 30 43 48
41x50: 49 59 61 61 46 36
41x38: 29 26 24 30 26 20
45x50: 37 42 36 52 35 37
40x37: 25 25 29 22 37 18
46x40: 32 36 27 35 27 38
46x37: 43 48 41 31 54 45
39x41: 28 27 28 24 37 25
42x47: 43 26 35 42 22 41
48x40: 28 34 34 38 33 41
44x36: 26 23 25 30 32 31
44x45: 52 51 50 45 56 51
45x47: 45 34 43 42 28 33
41x45: 36 40 33 37 20 29
44x35: 26 27 25 33 21 21
35x50: 48 36 47 45 41 56
36x50: 38 36 24 35 33 25
48x46: 55 56 57 50 60 64
45x41: 34 40 36 23 24 37
40x46: 50 48 50 37 66 27
39x42: 40 44 52 36 39 43
48x35: 52 39 44 39 39 47
49x35: 41 47 47 39 45 46
45x43: 49 42 49 51 57 50
39x40: 36 49 43 40 42 27
40x36: 50 36 35 31 37 31
47x46: 32 35 34 35 51 37
48x45: 59 44 65 51 54 63
43x42: 32 30 38 40 21 34
47x43: 40 43 51 61 57 62
38x43: 35 32 42 52 51 39
50x43: 43 31 53 28 29 40
37x41: 20 27 28 30 30 21
37x45: 41 46 40 38 46 46
45x40: 56 43 42 42 52 40
36x49: 45 44 40 45 51 46
46x38: 28 28 36 27 34 27
49x50: 65 68 67 60 59 57
49x42: 58 47 53 56 48 56
50x50: 50 33 41 36 49 46
49x36: 50 40 44 44 52 40
35x35: 15 26 19 18 24 19
44x45: 44 59 53 53 43 54
43x38: 28 32 30 23 29 25
49x35: 37 27 22 27 30 33
36x45: 35 37 61 45 34 40
50x47: 56 60 76 59 60 50
42x48: 66 50 41 51 51 49
50x43: 42 27 25 47 37 46
36x41: 45 46 39 31 25 43
35x45: 43 36 47 37 37 45
42x44: 57 47 46 46 42 46
42x44: 60 50 54 45 40 32
40x47: 34 29 40 27 31 33
46x36: 44 40 40 48 40 43
40x38: 31 42 41 36 42 44
46x49: 62 57 68 48 55 59
48x48: 66 51 64 61 58 54
40x36: 44 33 26 41 40 36
45x39: 33 38 28 30 30 36
48x47: 38 43 32 48 38 41
36x38: 24 30 22 25 23 20
39x36: 36 35 28 43 32 43
42x41: 39 55 49 42 31 52
49x47: 48 66 63 62 53 65
49x45: 33 39 45 37 46 40
44x41: 30 37 27 25 29 33
48x36: 37 22 36 31 37 29
43x40: 29 22 38 29 39 25
47x35: 29 26 26 32 19 33
42x50: 41 31 39 39 40 34
41x46: 34 35 25 34 31 35
36x48: 19 37 33 39 30 33
35x46: 24 23 31 31 30 25
39x45: 34 30 40 35 29 26
50x44: 55 46 61 56 61 62
45x44: 34 32 34 35 35 39
48x42: 53 54 61 48 49 45
35x41: 24 22 27 24 19 26
43x49: 57 50 51 55 62 47
43x36: 27 23 20 32 21 44
44x50: 46 35 33 41 36 33
36x42: 20 36 30 28 29 24
50x45: 56 65 48 71 52 51
37x38: 22 28 22 18 31 23
35x37: 17 22 26 23 18 26
35x44: 25 34 23 24 20 27
43x38: 30 26 22 29 33 27
47x39: 51 48 43 49 48 41
48x38: 29 30 35 36 36 25
36x48: 28 26 34 28 39 36
43x35: 32 23 28 25 21 24
46x45: 46 63 50 53 56 49
39x39: 32 23 30 29 27 27
50x48: 60 64 51 68 58 69
42x39: 24 25 29 27 35 41
50x40: 44 56 49 56 58 42
49x42: 46 49 53 51 60 60
49x41: 47 47 69 54 46 48
36x49: 40 29 34 33 32 24
49x38: 51 49 41 50 41 56
36x44: 33 25 27 33 27 23
47x35: 25 26 32 31 25 26
36x36: 23 25 33 23 27 12
45x40: 53 42 45 41 50 46
35x38: 23 19 19 26 22 23
37x44: 45 42 47 44 36 36
38x41: 25 23 30 23 27 27
36x48: 35 34 28 29 31 34
47x38: 36 27 30 29 22 35
46x50: 38 34 43 35 54 36
39x49: 40 34 39 31 28 36
45x41: 31 26 34 29 33 41
41x39: 43 48 45 32 40 38
43x37: 28 30 25 28 32 25
38x41: 42 45 46 44 23 41
37x39: 35 22 23 17 30 28
49x44: 54 52 56 58 54 59
37x37: 29 24 26 24 19 22
35x42: 35 41 39 41 30 42
47x41: 28 37 26 48 24 32
43x42: 33 42 51 50 49 57
50x46: 35 50 42 42 37 34
45x50: 54 69 58 53 61 49
50x48: 69 52 67 67 62 50
44x37: 39 38 43 40 51 39
45x41: 47 43 47 50 55 40
42x44: 44 51 48 52 47 41
38x43: 24 34 29 19 35 27
36x36: 28 24 22 20 28 22
45x46: 46 59 55 61 52 43
47x38: 32 33 35 19 29 32
48x40: 34 45 37 26 30 36
42x46: 49 52 45 56 42 54
39x43: 35 44 46 41 49 44
44x42: 42 31 30 32 33 27
49x49: 66 75 59 54 59 54
40x35: 20 28 20 27 22 25
45x48: 48 42 35 33 49 32
50x35: 47 38 44 42 47 54
41x46: 50 54 56 43 39 50
43x49: 52 55 59 54 57 46
38x35: 22 20 22 25 17 26
50x48: 60 57 51 83 70 41
37x46: 29 33 32 19 32 34
41x41: 49 51 34 37 40 48
38x50: 61 45 38 52 44 52
41x35: 14 21 28 20 26 33
36x42: 31 33 20 29 21 34
44x49: 43 62 53 56 57 63
39x36: 24 22 23 29 28 29
41x42: 23 31 38 25 34 31
44x39: 52 50 38 49 29 46
39x50: 35 33 37 37 36 29
41x45: 26 36 32 31 42 27
43x40: 42 42 39 58 45 36
35x38: 21 18 19 26 25 23
50x36: 31 40 21 38 30 31
45x48: 42 26 54 43 31 43
47x44: 39 42 28 33 36 32
37x37: 23 19 30 26 21 25
39x43: 31 24 33 28 29 37
40x42: 32 26 31 27 32 33
38x37: 23 24 34 22 21 20
38x43: 36 22 31 27 26 26
39x46: 34 26 37 31 30 37
38x35: 11 19 33 29 17 22
40x39: 43 38 43 36 38 44
44x37: 39 45 36 38 43 52
42x43: 42 52 46 42 48 49
41x45: 29 27 33 37 35 33
45x39: 51 41 51 47 44 34
40x43: 51 45 35 40 43 52
40x47: 21 34 26 42 47 25
42x40: 25 39 31 27 25 34
38x40: 40 34 45 41 29 49
47x44: 36 34 36 35 28 40
48x42: 31 42 37 37 44 32
45x44: 38 41 25 42 29 35
37x39: 31 42 40 42 37 28
44x39: 29 36 34 22 26 35
40x49: 30 36 39 43 37 22
43x37: 47 44 32 36 44 41
39x38: 26 25 28 22 24 30
43x41: 37 29 31 34 26 25
49x35: 34 26 30 26 30 29
36x42: 26 24 32 28 24 34
35x42: 39 36 47 39 33 32
35x48: 23 38 28 33 29 25
45x39: 45 47 52 47 41 37
35x46: 29 49 36 39 58 34
41x48: 32 26 50 32 30 37
42x43: 43 44 54 50 45 42
39x42: 37 35 45 44 52 39
37x50: 54 46 42 57 45 37
42x38: 25 28 29 21 27 37
37x38: 24 21 25 27 27 19
38x40: 40 27 41 37 42 51
41x38: 16 25 31 25 28 30
42x36: 28 45 38 34 49 39
35x45: 44 47 31 46 36 36
49x49: 39 50 46 40 36 44
43x44: 48 53 54 50 37 51
45x39: 35 25 28 40 40 27
48x47: 43 45 30 45 39 38
42x36: 33 25 27 25 29 29
44x48: 34 35 34 43 35 43
40x50: 51 44 48 60 49 57
37x40: 37 36 42 44 31 39
35x48: 29 31 34 22 20 39
43x43: 39 39 28 26 26 37
38x46: 32 36 25 23 30 33
38x35: 33 28 30 40 33 43
46x35: 37 23 30 21 26 28
47x39: 28 37 30 34 40 26
48x48: 66 64 48 57 60 58
50x43: 57 40 60 61 61 52
50x46: 53 56 72 53 51 76
40x49: 35 38 34 33 41 26
41x50: 38 39 32 35 27 36
37x46: 22 32 29 36 31 29
42x42: 35 28 29 35 35 33
37x49: 34 35 26 43 34 20
43x41: 28 30 32 28 37 26
49x47: 49 36 42 39 35 38
42x37: 25 31 28 30 26 27
48x35: 55 34 43 35 45 48
36x35: 27 25 36 34 42 30
44x50: 61 48 49 50 70 61
42x39: 30 38 27 31 22 33
44x46: 33 30 30 43 39 35
41x48: 29 35 31 40 32 40
47x37: 29 26 29 35 38 23
41x46: 54 47 54 53 35 48
39x40: 37 32 41 41 53 35
49x45: 61 58 64 57 46 54
35x38: 24 22 28 21 17 19
40x50: 56 43 54 50 50 57
37x48: 50 47 41 38 51 46
41x37: 36 39 41 42 37 39
44x38: 50 35 44 47 45 34
46x45: 31 34 34 47 41 37
41x40: 47 54 36 41 33 40
44x44: 35 26 30 36 33 36
45x49: 56 52 58 56 60 58
50x46: 43 37 35 44 38 42
46x49: 32 41 42 43 37 44
37x37: 40 16 14 23 22 28
38x46: 30 38 38 22 25 26
36x47: 36 27 38 30 26 23
36x47: 28 34 26 25 31 35
44x50: 37 57 32 23 41 34
45x41: 29 31 33 39 36 26
48x41: 53 55 40 56 44 55
45x40: 38 43 34 23 34 23
37x45: 32 35 27 25 37 24
49x49: 41 34 48 36 50 46
38x40: 35 28 47 38 39 52
47x50: 45 35 37 29 49 45
42x48: 50 59 50 50 48 54
50x47: 56 64 66 56 59 62
46x42: 33 36 40 35 37 28
38x43: 35 46 45 38 41 49
49x41: 40 57 49 54 62 45
43x45: 42 40 30 34 26 37
36x47: 28 25 29 43 25 30
40x38: 23 34 22 25 28 24
46x41: 38 34 23 34 30 35
36x45: 33 30 31 28 32 25
43x38: 28 22 23 18 43 33
48x42: 56 50 52 50 50 53
39x45: 37 38 50 55 48 42
38x47: 38 19 28 37 29 29
43x42: 29 31 31 28 41 36
43x40: 42 46 51 41 47 37
40x41: 28 25 34 25 22 35
40x50: 49 61 53 52 40 54
38x45: 39 57 41 38 41 48
45x46: 53 63 45 53 55 47
41x38: 44 32 46 38 41 40
38x48: 47 44 48 46 42 57
44x40: 28 20 32 36 25 40
44x36: 35 28 26 20 27 32
42x37: 38 25 24 25 26 29
43x35: 24 29 29 23 27 22
50x42: 47 53 54 50 52 73
49x45: 45 48 42 33 37 35
44x45: 52 53 50 53 46 51
35x41: 26 24 27 21 22 23
46x35: 30 24 35 17 29 29
35x47: 26 27 31 29 22 29
45x46: 35 47 29 43 37 34
35x39: 30 21 20 28 15 29
45x45: 48 36 30 39 38 34
45x36: 34 34 32 26 29 25
50x40: 38 36 31 28 42 32
46x37: 50 30 44 40 58 39
48x43: 48 53 47 64 54 50
39x50: 54 48 45 48 54 51
36x45: 32 33 27 33 31 24
46x40: 48 49 50 50 41 45
46x46: 36 38 38 35 38 39
40x40: 36 42 39 48 45 34
44x37: 40 37 42 36 48 50
48x48: 35 40 47 52 45 37
38x42: 20 34 29 28 28 28
42x48: 54 41 54 65 39 60
45x45: 42 52 36 21 40 34
45x47: 38 36 34 34 45 38
42x44: 35 28 32 31 40 30
37x42: 51 36 30 33 46 43
36x50: 34 30 26 43 28 31
47x35: 23 28 29 28 33 24
37x50: 30 35 31 30 33 33
35x50: 49 54 39 52 36 36
38x39: 30 34 20 21 30 20
50x48: 63 69 69 47 58 66
50x38: 55 40 42 51 51 54
37x46: 30 29 31 27 32 30
50x44: 34 31 37 30 53 38
47x36: 25 30 33 33 34 24
45x40: 42 36 19 32 29 37
43x50: 35 44 44 30 32 39
45x39: 50 41 43 41 47 49
47x37: 48 50 40 51 39 37
36x38: 37 26 46 34 33 37
46x36: 35 29 29 17 43 26
44x41: 53 46 39 43 44 54
41x42: 27 37 31 35 24 28
41x40: 35 51 65 28 45 28
48x39: 52 42 50 48 50 46
50x38: 56 47 40 46 55 47
41x40: 17 22 39 30 29 31
47x40: 45 48 49 54 49 43
49x39: 43 53 45 47 54 53
38x46: 25 33 29 30 35 28
46x47: 32 42 47 27 43 33
35x38: 17 32 25 20 19 19
41x46: 36 55 46 57 46 51
45x42: 42 51 55 52 51 38
41x38: 35 40 34 51 44 33
39x46: 33 29 35 31 36 31
40x41: 40 32 51 45 43 43
42x40: 20 24 30 32 35 40
42x43: 45 48 58 35 50 43
35x50: 24 28 27 32 37 28
38x41: 26 28 23 31 22 26
43x47: 42 28 50 24 34 32
36x47: 29 25 34 29 28 34
36x36: 35 25 40 32 39 28
37x46: 26 29 28 32 40 24
35x43: 36 47 38 38 33 40
48x47: 42 58 62 58 60 72
35x37: 41 26 31 31 32 40
36x43: 30 31 29 25 22 31
44x44: 35 28 47 26 32 28
40x44: 31 38 55 41 61 47
42x42: 52 47 39 36 49 49
46x50: 44 41 29 39 38 48
42x42: 32 35 37 32 31 28
35x44: 17 35 29 34 19 20
48x40: 33 38 46 27 39 24
49x43: 56 64 52 51 45 57
35x39: 25 18 23 24 27 26
50x49: 62 76 56 62 63 55
49x38: 41 48 43 57 50 47
47x43: 46 58 57 49 53 48
48x42: 49 49 47 49 63 53
40x36: 37 37 42 35 31 42
39x40: 23 28 31 28 29 29
37x38: 40 49 31 39 23 33
44x35: 36 44 36 52 28 41
45x38: 19 25 42 34 31 29
39x49: 37 28 36 36 30 41
46x38: 29 34 23 31 34 29
42x38: 20 31 34 26 22 35
48x40: 31 31 32 33 43 37
42x39: 36 43 47 48 40 38
39x50: 32 44 36 33 30 32
39x37: 31 21 22 24 25 32
39x50: 37 38 44 37 23 29
37x36: 34 17 21 22 25 25
38x40: 41 40 41 43 34 34
43x37: 30 32 29 20 29 27
39x41: 37 29 26 25 20 32
36x37: 34 42 27 29 29 47
47x43: 45 52 56 61 53 42
50x42: 73 58 51 47 50 40
35x49: 43 47 44 55 36 37
35x36: 25 40 37 29 29 36
44x36: 28 24 37 33 24 22
49x49: 44 45 36 47 46 38
48x39: 41 39 49 58 57 43
46x38: 31 37 49 66 47 38
41x46: 41 57 41 61 47 40
49x46: 58 66 63 51 57 51
50x35: 58 46 39 42 41 42
45x37: 37 39 41 45 42 56
47x46: 37 41 32 36 39 40
44x50: 62 44 57 57 55 67
46x35: 44 42 38 41 40 43
49x36: 36 36 39 25 25 31
37x41: 26 24 24 26 25 30
42x36: 24 25 30 28 34 26
49x49: 61 79 67 48 58 56
37x36: 21 30 26 22 14 30
46x42: 43 38 49 52 55 65
39x47: 29 30 32 30 35 39
43x40: 34 29 36 32 18 33
39x37: 34 29 40 45 44 28
35x39: 20 24 25 22 27 25
42x47: 38 33 38 24 37 39
42x45: 68 40 50 41 40 54
41x47: 56 37 54 52 50 48
39x49: 37 34 35 31 38 33
49x49: 67 61 54 56 61 73
39x38: 45 46 35 25 38 39
35x44: 20 24 22 26 30 31
47x49: 41 34 44 42 40 39
36x39: 26 22 29 30 19 29
45x39: 37 23 28 41 27 38
36x35: 22 25 18 27 22 17
45x43: 38 53 42 66 53 43
42x50: 50 41 30 38 25 40
45x36: 32 27 34 33 35 19
48x50: 68 64 53 69 58 54
47x40: 39 48 54 58 47 43
38x35: 19 24 18 17 22 31
37x41: 24 25 20 22 41 24
49x40: 37 32 42 37 34 25
37x36: 37 24 28 40 35 43
46x36: 35 33 26 24 29 33
35x39: 17 29 30 20 26 20
43x40: 49 39 47 50 42 36
41x49: 26 32 35 46 34 34
50x43: 59 59 45 61 54 50
35x45: 41 42 38 38 34 53
46x40: 56 45 43 45 51 41
36x36: 14 30 32 27 16 24
48x36: 48 32 46 45 45 53
40x48: 42 58 44 41 61 49
50x37: 36 34 33 32 28 28
35x44: 47 44 28 34 37 48
40x41: 41 44 37 47 38 46
46x50: 61 48 64 72 55 53
48x49: 48 39 45 46 43 34
49x44: 43 24 29 46 40 41
50x49: 67 49 61 70 69 60
35x43: 42 35 36 41 37 41
44x47: 37 26 36 34 45 31
49x36: 25 36 22 39 36 34
49x49: 44 44 40 37 47 43
40x49: 36 28 28 43 33 40
46x39: 29 40 32 28 30 36
35x42: 46 25 48 39 32 38
36x47: 23 35 32 34 29 26
46x42: 43 57 41 52 59 42
35x50: 46 49 41 47 41 45
47x35: 49 46 44 29 35 54
35x36: 26 18 31 20 17 20
36x39: 30 33 38 44 35 37
40x49: 45 54 46 56 56 42
49x45: 36 35 34 52 40 43
50x43: 58 39 57 58 65 54
49x43: 51 47 58 60 53 57
35x47: 40 41 39 38 52 43
47x46: 48 59 53 50 66 57
38x47: 33 33 35 27 25 27
42x46: 59 44 54 45 45 52
42x36: 45 33 41 32 37 48
39x36: 31 31 20 24 33 16
38x39: 31 25 23 22 31 23
46x40: 43 47 44 42 59 48
36x47: 35 37 25 25 32 25
39x45: 25 35 33 27 34 40
37x46: 33 23 25 41 27 31
40x39: 40 34 50 37 43 37
40x37: 39 33 44 29 45 39
48x45: 41 45 41 34 39 40
46x45: 60 51 54 50 51 53
49x39: 32 36 42 31 37 29
37x44: 23 30 37 30 26 22
49x35: 51 38 37 45 46 47
42x40: 28 32 38 31 25 27
35x39: 38 33 48 36 33 20
40x38: 45 42 43 36 31 37
50x37: 30 43 30 29 27 33
35x42: 17 26 30 26 24 31
46x44: 34 33 43 33 31 35
46x40: 47 53 46 46 50 39
48x40: 40 33 24 39 40 31
50x47: 40 42 40 34 40 43
50x39: 28 40 30 34 48 27
38x36: 24 23 29 25 23 19
39x35: 23 27 25 25 18 24
36x43: 30 28 21 32 33 23
36x44: 32 33 23 30 27 22
48x44: 58 54 51 57 58 44
50x44: 32 47 37 27 33 48
49x47: 64 78 60 51 47 53
42x39: 41 41 41 43 44 42
47x39: 33 38 40 23 35 26
49x50: 46 57 32 39 44 37
50x49: 61 69 61 63 62 60
42x39: 23 26 27 42 33 30
50x46: 44 45 39 38 36 38
38x42: 25 29 26 24 28 36
43x43: 34 33 34 23 40 31
50x48: 53 59 60 70 74 50
40x37: 34 33 38 36 46 42
47x39: 43 37 22 39 21 32
40x47: 37 39 57 43 59 59
38x36: 37 26 36 39 37 36
46x44: 53 59 51 48 47 54
35x38: 30 22 13 26 28 12
45x47: 47 36 40 31 36 35
44x45: 53 48 39 51 54 61
42x44: 29 35 27 41 38 26
43x50: 48 50 56 69 59 47
38x35: 24 25 22 23 23 15
39x49: 65 39 54 41 39 60
50x45: 36 44 45 29 47 39
50x40: 33 43 40 28 28 36
50x45: 70 43 62 56 59 57
46x46: 36 35 40 29 42 42
36x44: 29 23 27 25 32 31
42x47: 49 61 48 43 56 45
41x42: 48 45 48 38 45 41
35x46: 30 24 16 32 29 33
48x47: 31 43 41 37 44 43
45x43: 50 58 38 52 52 45
46x38: 19 38 28 33 25 36
45x50: 58 47 66 56 62 59
39x46: 48 44 46 50 46 41
46x44: 47 62 50 57 47 47
37x40: 46 39 41 31 37 33
45x39: 28 29 31 33 46 28
35x36: 24 20 23 16 24 25
42x40: 33 33 33 23 37 22
47x36: 30 30 26 35 28 31
43x37: 21 26 27 33 34 26
36x42: 25 31 23 21 27 40
47x45: 63 55 42 52 52 62
36x36: 25 23 25 21 26 23
36x49: 26 39 44 32 24 26
49x36: 43 55 51 40 37 47
38x35: 23 27 25 24 14 19
43x49: 40 37 35 32 39 40
38x37: 25 25 21 26 22 24
36x41: 29 23 22 29 26 26
37x37: 26 27 25 20 25 20
36x37: 23 28 19 20 23 30
47x42: 52 53 53 54 42 50
37x45: 27 29 32 29 31 32
50x43: 37 33 36 38 39 41
39x42: 25 29 21 29 47 31
39x47: 45 61 44 45 49 34
44x47: 46 55 46 59 59 52
39x50: 49 37 35 21 34 31
44x38: 18 19 35 35 32 28
40x41: 26 23 32 27 28 33
50x37: 46 47 47 41 56 48
47x38: 34 31 27 21 34 32
39x36: 20 31 23 26 33 22
36x41: 28 29 19 28 17 34
42x44: 35 35 28 30 34 33
38x37: 25 28 27 24 14 25
39x35: 22 21 26 19 26 29
36x47: 30 46 21 26 25 31
37x50: 25 42 32 29 29 34
46x35: 23 25 27 24 38 27
39x36: 28 31 46 36 43 33
39x44: 27 28 22 27 36 41
41x37: 32 23 20 27 26 28
39x39: 51 38 49 29 34 33
40x45: 40 35 29 32 25 33
44x37: 26 27 26 24 32 33
47x38: 42 32 24 27 27 27
48x43: 36 41 36 37 42 31
44x47: 29 38 29 43 31 39
40x46: 29 28 30 30 35 43
40x48: 34 48 27 34 37 28
48x44: 55 55 59 53 52 51
39x50: 47 56 56 51 42 49
35x38: 26 40 34 37 33 35
44x38: 37 18 24 25 31 32
44x36: 40 42 41 43 40 37
45x36: 31 16 36 30 35 32
43x46: 37 38 37 36 34 28
41x46: 39 43 59 44 63 42
48x40: 36 30 28 39 41 33
43x48: 46 52 56 52 52 63
41x46: 35 30 33 29 38 30
46x37: 31 32 37 25 26 29
45x36: 45 42 32 52 39 37
44x40: 29 45 29 29 21 29
36x38: 25 18 22 18 31 29
41x49: 42 50 53 49 71 42
40x47: 42 32 33 25 33 29
42x49: 33 39 46 42 29 34
47x47: 46 37 27 41 40 33
40x39: 42 34 35 39 41 52
49x45: 60 60 47 57 51 66
48x49: 46 36 46 39 50 39
43x47: 33 28 38 31 38 41
40x37: 30 28 22 26 23 27
41x48: 48 56 50 45 53 51
50x50: 38 51 49 45 33 39
42x49: 46 54 49 62 56 48
43x39: 34 30 26 33 27 31
43x43: 31 28 35 30 33 38
40x39: 43 40 47 38 36 36
36x49: 30 32 32 28 32 38
46x44: 52 53 53 54 50 49
48x49: 40 40 51 51 44 30
39x47: 29 41 39 30 29 26
40x37: 33 29 13 28 24 28
38x38: 24 19 28 23 25 24
49x47: 36 29 42 38 52 42
43x42: 25 26 36 33 40 36
50x40: 35 25 30 44 46 28
35x38: 24 19 19 25 19 25
50x41: 28 38 44 24 39 35
49x49: 43 38 42 41 48 44
35x47: 33 28 28 23 30 23
39x37: 23 29 25 29 25 24
47x46: 57 57 52 55 54 58
49x50: 68 66 57 60 58 69
41x43: 26 29 24 24 32 47
40x43: 39 47 44 35 48 55
43x37: 27 25 25 33 28 30
35x39: 43 30 36 34 34 33
41x48: 32 35 24 43 37 36
41x37: 30 24 25 29 19 29
48x37: 40 43 57 45 47 42
45x38: 30 32 27 28 36 26
47x44: 34 37 36 31 40 32
46x37: 39 50 39 55 41 35
41x35: 26 21 18 22 34 22
38x42: 31 28 27 30 31 21
37x40: 27 28 32 25 22 21
35x36: 23 18 24 14 26 26
44x39: 45 42 52 43 36 49
46x42: 34 40 37 21 35 43
47x43: 29 37 31 42 37 34
38x39: 36 40 33 38 47 32
42x35: 20 27 28 24 29 25
38x36: 31 37 39 44 28 31
39x47: 27 30 38 37 42 21
39x48: 29 38 33 33 42 32
46x38: 29 35 36 22 31 26
45x48: 33 37 46 42 40 42
49x42: 55 50 59 48 55 50
42x42: 32 29 32 28 45 30
38x38: 22 31 25 16 27 23
44x46: 59 48 52 56 44 53
44x38: 54 42 32 33 52 43
46x40: 45 53 36 65 35 48
42x45: 30 45 36 33 26 39
50x42: 56 59 51 50 56 50
37x36: 37 39 34 32 32 30
45x35: 45 34 38 46 40 39
39x35: 34 32 37 49 32 23
49x44: 57 52 55 50 58 62
46x39: 41 42 48 57 42 47
35x44: 21 26 24 37 28 17
43x45: 49 53 45 49 53 48
36x35: 21 19 20 22 29 21
44x39: 47 38 44 38 51 47
40x39: 52 39 38 33 43 33
39x46: 25 36 31 31 39 32
39x37: 16 35 26 28 29 21
41x44: 33 29 27 34 24 34
47x41: 36 36 30 34 28 30
40x39: 32 34 23 33 23 24
47x50: 40 42 32 43 35 47
36x46: 29 26 22 40 31 31
37x48: 25 30 36 35 32 33
35x44: 29 30 25 20 25 24
38x35: 22 24 26 24 25 11
48x41: 40 31 31 33 37 35
41x48: 43 45 53 59 51 53
39x44: 27 41 28 29 35 22
39x43: 39 41 41 53 41 43
44x45: 32 30 35 40 35 37
48x40: 41 58 43 50 51 53
41x41: 32 24 31 22 30 29
43x45: 46 26 35 36 30 36
40x38: 21 26 29 21 23 35
44x48: 54 53 42 67 67 35
37x50: 25 35 27 36 33 36
41x39: 23 27 37 28 30 23
47x42: 34 31 29 35 36 44
49x46: 46 73 58 56 62 50
46x46: 37 36 40 37 35 40
40x48: 44 38 34 26 34 32
38x49: 38 39 36 25 31 23
47x49: 51 32 42 34 31 49
35x40: 35 41 31 38 36 33
46x49: 67 53 51 66 57 50
