--- scanner 0 ---
615,499,683
-748,-781,588
392,-638,-524
-453,892,-689
-127,159,-103
-782,-721,695
793,523,765
558,953,-776
-960,-476,-523
620,476,721
748,920,-718
-389,915,-762
-885,-408,-561
-647,775,719
266,-564,461
-396,937,-868
270,-648,-624
-608,-779,712
338,-641,-737
254,-682,345
274,-501,402
-729,775,740
-932,-413,-581
-673,894,662
797,944,-790
7,45,10

--- scanner 1 ---
741,375,-668
-552,824,562
476,379,502
-428,760,-619
-397,584,-575
623,498,481
-544,561,562
-594,737,553
-353,-681,449
399,-865,-542
593,-789,566
-483,-813,429
436,-871,-641
-734,-667,-472
624,503,524
724,-783,582
-6,-108,68
544,374,-693
-735,-502,-498
-837,-498,-475
-55,64,-68
-430,672,-514
523,407,-667
611,-671,615
-473,-716,381
335,-884,-472

--- scanner 2 ---
-914,766,798
469,846,754
-437,-731,736
734,343,-726
-475,-717,-211
609,-329,896
-106,-45,191
-496,707,-495
-470,-673,926
789,434,-691
573,-824,-512
-69,132,53
-446,-745,975
497,-386,803
-867,810,971
553,-797,-603
740,-395,810
454,786,832
-453,-823,-218
-891,728,793
-615,764,-469
-615,785,-551
412,821,760
776,388,-637
-498,-644,-275
540,-760,-483

--- scanner 3 ---
-524,-538,-395
103,-3,-46
460,-719,486
321,605,323
776,432,-831
-600,777,-833
308,611,584
475,-813,-816
-488,870,-890
-889,839,414
786,452,-829
565,-571,443
311,647,350
-659,-425,605
-544,-629,-422
-734,806,341
-689,-488,654
-357,784,-824
-622,-579,520
23,159,-153
623,-696,476
453,-809,-777
-821,845,513
418,-822,-945
-557,-509,-459
726,656,-845

--- scanner 4 ---
-541,-656,440
-10,-75,-63
-612,717,-638
-685,463,472
775,632,-926
851,-575,-643
840,-523,322
-458,638,-643
-511,534,467
838,-720,301
822,-548,-727
714,-498,-603
593,618,-918
-462,-589,347
424,539,589
410,524,526
-515,668,-693
743,-607,240
-509,511,405
451,649,530
-703,-571,-627
-502,-636,447
-739,-614,-651
783,658,-973
-576,-632,-579

--- scanner 5 ---
-665,-409,-640
580,456,607
644,-810,678
695,563,619
662,629,-518
793,645,-524
150,102,2
532,-775,699
-324,-516,473
404,-409,-423
-666,-435,-805
-721,486,535
-768,-412,-809
-404,444,-591
-417,-588,597
-41,166,-147
505,-578,-436
-284,512,-626
680,678,-636
-325,-626,641
463,-738,722
-689,577,577
33,-10,-78
585,505,504
-414,492,-494
468,-479,-442
-787,423,533

--- scanner 6 ---
-389,-744,966
280,521,735
514,385,-746
-751,281,-275
-490,-575,953
-600,385,696
680,-744,749
376,-702,-590
-701,331,-271
-579,390,498
-795,-548,-293
-610,403,634
681,-718,584
-577,-549,-325
374,-597,-678
-453,-674,947
-600,285,-214
343,-641,-502
11,-80,18
383,560,775
437,550,808
681,328,-774
618,441,-653
783,-741,580
-598,-523,-292

--- scanner 7 ---
-814,382,569
-695,662,-875
-748,-547,-619
617,459,714
653,526,832
-812,302,626
-688,-469,-604
-622,736,-783
427,-405,-759
874,716,-632
484,-498,-647
-723,-541,-562
803,659,-768
-712,-330,717
-716,719,-948
771,-375,320
-630,-508,741
493,-491,-890
-777,483,695
829,-565,287
656,325,771
-668,-503,764
8,45,-138
843,-326,296
782,613,-638
157,-84,-35

--- scanner 8 ---
542,-467,-537
-28,133,-147
752,665,-663
-758,-699,439
-552,827,-761
504,-439,-539
599,-645,587
653,496,517
703,510,741
-537,-598,-838
-673,508,396
-701,-724,445
-688,898,-818
-445,-671,-764
-430,517,389
633,-452,643
-716,-664,367
-153,18,-40
-561,451,303
701,643,-698
713,512,721
753,699,-869
620,-535,509
-682,806,-715
461,-439,-492
-372,-692,-821

--- scanner 9 ---
619,724,-335
512,690,-275
-700,-328,-408
434,-674,499
-600,-450,-418
-599,902,-580
-786,809,667
-839,855,472
326,-332,-555
643,447,582
-637,827,-648
-813,-396,-415
-923,-666,675
514,488,534
-916,-748,778
514,-502,493
-936,-689,699
385,-324,-492
476,-632,378
269,-312,-374
-657,874,-643
577,589,582
636,550,-277
-176,81,21
-812,812,418
-86,-33,137

--- scanner 10 ---
-593,578,586
707,569,-399
-516,-584,-763
684,-719,-792
-523,-396,703
-506,-295,586
769,-540,702
-587,589,603
130,-8,-144
-742,595,567
831,604,-432
516,336,420
53,117,-10
745,-707,-821
820,-700,-866
741,-578,704
769,-497,749
-582,854,-772
851,594,-514
-496,-673,-745
610,501,403
537,409,477
-529,840,-869
-535,-352,701
-570,-594,-642
-526,802,-682

--- scanner 11 ---
319,-669,-507
494,606,-678
-784,489,835
-761,513,822
717,770,711
24,-55,-116
-789,-577,418
-117,-59,68
429,-586,-596
393,654,-615
-843,410,815
-801,-576,443
440,-607,-501
-727,810,-577
-562,-686,-676
352,606,-744
-527,-604,-521
253,-720,363
-597,695,-615
-769,689,-535
-418,-578,-633
312,-835,376
760,716,738
-711,-693,487
714,521,685
414,-723,420

--- scanner 12 ---
108,-62,137
675,619,-838
-490,730,-396
650,-803,619
-504,759,-468
-396,-736,-378
49,91,-38
350,-485,-391
496,345,383
-452,798,-394
-526,559,644
-580,-754,728
-465,-824,-327
-431,-851,-345
530,-840,606
-68,-4,61
709,546,-689
-627,-648,817
-475,505,646
442,391,370
621,-867,586
407,300,425
659,418,-802
337,-317,-356
-574,-791,752
-663,532,677
346,-446,-413

--- scanner 13 ---
517,380,780
712,434,805
688,437,-507
-376,-832,659
476,-594,-398
432,-670,721
403,-622,551
-145,-151,101
-656,-731,-420
-464,-766,553
-530,792,756
-591,730,602
-714,-672,-309
-582,779,718
-119,-3,-38
-938,594,-504
-802,738,-503
-739,559,-449
-432,-882,571
461,-598,-566
556,-612,-481
744,372,-527
-756,-597,-419
433,-537,670
668,364,-618
699,449,744

--- scanner 14 ---
-356,750,674
509,-497,827
535,-387,-541
-417,637,769
-634,-556,498
-125,-4,51
488,-284,-464
487,859,645
-545,-583,-482
535,743,-808
-720,-620,526
-542,-567,-447
-438,834,771
611,809,753
463,725,-645
-69,171,-19
534,-280,-631
612,-571,782
-786,-590,485
-563,721,-571
-471,-505,-474
531,-501,666
-556,701,-610
0,8,-124
511,786,-772
-463,768,-531
527,782,782

--- scanner 15 ---
575,-495,291
-578,-505,-845
818,-626,-566
-566,-465,-779
-637,-541,862
-339,767,-476
-765,685,773
-639,-395,-753
453,829,-402
456,803,-651
410,856,-456
-343,898,-430
363,616,596
391,674,659
-483,-483,815
-336,792,-485
676,-560,-566
541,-602,351
-630,-442,844
715,-619,293
-854,641,769
-27,91,43
-854,791,676
438,654,664
777,-497,-518
140,58,-82

--- scanner 16 ---
368,-450,-636
554,829,-546
548,674,-510
-336,593,-527
-710,-669,771
460,-523,-710
759,577,833
681,-422,567
-538,-682,-364
-437,610,-410
721,483,831
-625,536,554
-588,539,786
-564,560,648
-619,-654,-409
-676,-476,715
295,-429,-693
639,-457,495
-697,-586,637
808,483,682
-581,-682,-411
-393,622,-412
537,680,-527
-59,33,119
-9,-58,-64
624,-397,573

--- scanner 17 ---
544,-763,-519
-591,759,-777
820,-400,473
839,398,-771
-449,-912,401
-406,661,897
431,-713,-391
-609,727,-661
395,-729,-592
-399,-962,405
765,450,-732
877,-391,344
837,436,-703
906,411,851
-571,-853,-368
888,377,878
-540,-840,-504
855,342,763
842,-404,512
-550,-958,344
-560,600,835
-550,-858,-566
-444,609,884
106,-90,-28
-503,815,-727

--- scanner 18 ---
-526,361,395
-547,742,-710
475,-352,530
-717,-675,-543
-354,448,434
-646,-643,-418
-548,797,-483
501,703,-694
651,-897,-561
687,-779,-494
820,582,463
-561,-741,859
-521,725,-598
-19,-103,-20
461,-361,291
648,-836,-360
-392,-772,832
-496,-740,791
32,87,-96
811,825,456
522,573,-648
877,694,370
-427,293,401
430,567,-751
-646,-784,-499
533,-385,340

--- scanner 19 ---
-580,-774,-651
-553,451,-840
556,-404,537
99,-117,146
540,488,-499
-632,-623,-573
491,-440,606
479,-610,-545
481,560,-526
-730,-597,514
538,614,-435
-731,-558,523
664,327,451
-468,408,518
669,423,443
754,425,555
76,-21,-45
-722,420,-813
479,-532,-663
584,-515,-528
-685,-629,404
-468,549,437
-618,452,-772
-561,-703,-656
-397,517,562
580,-616,597

--- scanner 20 ---
-517,527,400
-514,-604,-902
-426,-639,-886
408,-419,-881
107,134,-69
531,578,527
-409,-618,-775
-792,-524,420
-512,681,321
652,-341,514
638,537,-765
602,368,-803
-800,-706,406
598,754,575
-375,430,-835
715,-355,499
421,-306,-811
464,-355,-910
-567,584,370
593,580,504
567,587,-805
-847,-714,380
-377,468,-656
-414,459,-814
14,33,-179
656,-382,389

--- scanner 21 ---
713,284,330
-436,-800,-492
-668,-717,553
496,-888,357
625,520,-901
-788,333,-499
748,339,239
446,-775,485
809,-499,-507
659,297,284
-590,-696,663
-456,-810,-494
480,-924,558
-732,604,742
-738,661,717
505,533,-864
-810,619,682
818,-442,-378
534,500,-928
-660,-750,-478
-781,576,-490
805,-477,-546
-874,464,-433
-109,-38,-118
-534,-730,470

--- scanner 22 ---
506,-711,-759
604,487,-715
408,284,447
30,-93,110
404,-425,549
396,-378,523
557,381,-626
-486,-603,663
-757,-732,-619
-373,650,493
-97,3,-3
373,399,480
586,-433,563
-694,-781,-649
-463,-613,500
-360,818,458
442,311,429
-369,689,515
-553,295,-504
471,-799,-743
-673,332,-517
551,344,-650
-603,-647,-582
492,-816,-632
-611,-570,605
-644,268,-484

--- scanner 23 ---
-540,747,-611
-522,610,-631
-661,608,746
-815,-783,-671
501,226,824
-744,-827,-780
553,-765,-893
-744,-908,-639
403,-632,707
332,-575,571
550,-966,-832
497,414,-645
-646,-843,801
635,404,-632
-659,654,752
589,-832,-775
-619,-728,729
424,-678,577
388,210,710
-80,-41,72
-645,-616,746
-489,583,-682
557,525,-723
-543,636,756
28,-179,-37
361,250,786

--- scanner 24 ---
34,-2,43
673,-499,-458
653,336,-718
-359,-649,-595
-430,-554,-586
503,-528,-506
-702,-850,878
671,368,-602
419,-808,598
-754,-740,808
506,486,943
-125,-47,166
565,280,-668
-719,-803,872
-777,697,-712
-826,718,937
468,434,956
-411,-612,-740
-703,645,-673
480,-795,613
-775,659,-644
554,-529,-373
-844,684,910
444,-613,544
-793,753,822
622,495,894

--- scanner 25 ---
620,-681,-587
-358,-925,643
679,485,-574
520,-781,925
-313,-900,-846
569,-679,-641
-766,722,596
-488,449,-404
-544,330,-482
554,324,-579
-797,808,630
635,331,-565
798,726,855
599,736,917
-570,449,-425
8,-26,70
757,-648,-614
-703,784,478
-483,-841,632
-402,-942,-801
645,674,815
87,-164,-44
-360,-908,546
-348,-955,-755
510,-919,812
614,-785,869

--- scanner 26 ---
-413,-465,940
-589,437,-339
-554,640,633
-594,562,-500
-367,-519,927
769,551,558
563,351,-573
738,-945,-324
844,-938,-302
-322,-430,885
818,-553,704
732,557,582
665,-881,-347
781,-673,691
566,461,-573
-764,-605,-464
626,604,493
845,-644,724
-686,-661,-345
-603,518,-346
-743,-687,-464
525,461,-590
-581,503,666
2,-81,109
-527,452,664

--- scanner 27 ---
-21,-104,-17
-356,-614,-560
-474,-578,-493
-619,853,-416
-109,17,-125
734,331,835
-562,851,-336
-424,707,469
-892,-804,292
-471,751,296
329,-443,-681
351,-484,-819
700,-638,819
358,628,-404
-417,-617,-359
553,388,815
-493,816,-517
693,-751,751
616,447,823
471,-433,-764
-447,669,474
690,-538,697
-901,-790,531
-868,-732,341
403,493,-347
278,532,-396

--- scanner 28 ---
686,-463,522
-477,539,-621
-393,-430,631
-513,306,669
560,-639,-544
-84,-143,-79
465,-694,-573
728,731,-467
-535,-462,-903
-411,-403,665
707,692,-496
-444,-518,700
-428,594,-718
-518,-468,-856
-527,314,487
-487,259,677
420,-650,-460
549,729,-505
662,-500,516
-507,589,-564
751,-606,469
-483,-532,-793
779,680,602
795,592,567
668,697,581
31,30,-57

--- scanner 29 ---
411,524,-993
691,-455,-899
-722,572,-620
-434,-735,736
-657,654,572
-737,-444,-757
597,599,293
-832,483,-703
-758,591,620
-799,720,572
-711,477,-641
61,73,-179
358,-673,662
585,559,359
355,-698,653
462,556,-913
668,-416,-911
658,489,385
-839,-400,-869
758,-337,-836
-391,-762,682
362,-804,708
-116,2,-5
-437,-709,487
521,490,-904
-898,-387,-754

--- scanner 30 ---
-677,598,-528
-765,611,-719
-860,-857,837
-720,-626,-444
-785,-763,918
-775,491,861
547,-687,-466
-150,-142,-2
-739,563,-614
433,471,646
485,373,-295
497,371,-339
278,507,652
-73,-32,114
-683,-566,-451
530,-872,857
514,488,-238
571,-593,-527
-775,567,645
-781,503,837
624,-721,906
568,-825,-490
-849,-711,819
-807,-552,-460
427,488,635
624,-870,819

--- scanner 31 ---
-604,616,-612
849,389,528
729,-811,-744
-723,-847,522
653,-595,-744
-536,-809,525
732,288,545
732,-585,458
657,664,-708
-295,-489,-548
749,-596,464
-626,-861,469
86,-76,-148
713,-602,309
622,578,-646
-674,490,-536
-450,-472,-496
-496,587,481
-599,666,555
847,345,516
-689,618,-409
609,769,-734
-313,-534,-490
717,-787,-750
188,37,-46
-617,577,535

--- scanner 32 ---
679,548,621
-400,754,759
-563,510,-374
561,428,-699
-547,504,-505
601,658,600
-445,726,678
612,-488,733
857,-713,-635
-481,-633,-472
-596,622,-487
660,422,-662
735,741,587
-447,754,716
892,-692,-523
518,-464,672
21,38,171
-448,-550,904
-374,-621,-587
750,-467,709
-563,-521,961
-423,-518,-582
820,-736,-704
-446,-538,860
491,409,-763

--- scanner 33 ---
543,377,-425
573,-716,370
-714,669,-492
-728,741,-521
-669,-604,462
-437,-705,-563
633,567,452
-405,-687,-447
-349,-599,-497
485,396,-579
504,-769,378
580,325,-570
-738,-682,544
430,-707,-707
513,576,312
-707,728,438
460,-588,-792
-667,810,609
-747,785,506
-838,-587,569
-766,743,-453
478,583,484
49,-97,-143
516,-649,345
459,-537,-659
-85,85,43

--- scanner 34 ---
11,167,42
-425,-357,-699
767,774,-407
-361,797,655
792,840,895
685,-577,-358
-814,586,-478
596,-550,622
759,-499,-350
-607,-326,-709
688,-561,-323
813,643,893
-770,591,-674
-782,-725,456
-721,-683,638
510,-614,650
674,707,-486
-652,-712,607
444,-584,609
-573,-346,-562
-348,921,560
874,756,798
-51,6,146
-789,673,-626
-413,824,584
667,727,-447

--- scanner 35 ---
-774,-714,589
441,800,-381
-748,593,-806
-747,658,-738
354,628,-342
682,-708,-496
47,12,3
-791,508,552
-116,87,112
-639,-441,-492
305,-619,512
-779,762,-779
677,-675,-483
459,-627,484
302,-548,534
-650,508,471
735,607,763
779,-748,-565
286,727,-348
-776,-629,477
-682,437,596
-585,-498,-401
790,606,536
-711,-500,-465
-872,-624,485
718,633,651

--- scanner 36 ---
656,559,-633
364,570,424
-790,-416,-666
-592,545,-825
760,-368,606
676,-508,595
-882,-374,-680
715,-497,-773
502,480,-638
-806,-390,820
647,-413,650
724,-655,-736
-856,707,563
-796,708,504
427,535,488
753,-676,-775
-821,-321,-553
-562,629,-839
-579,649,-841
36,35,-9
-689,-270,806
-147,151,5
-746,-313,721
599,529,-583
317,587,418
-763,661,582

--- scanner 37 ---
772,-676,407
784,422,479
-514,-543,435
856,-699,-760
606,684,-523
833,-758,-601
-615,-686,-648
-636,637,-778
905,-652,-671
-602,499,721
-577,-796,-631
-558,386,766
-612,733,-697
16,43,70
124,-95,9
684,-641,391
-371,-596,500
-55,-70,-89
821,431,637
-574,-686,-631
-547,470,626
-408,-590,524
507,654,-437
-515,699,-743
823,393,458
588,648,-580
789,-655,518
